425 3.651824
450 3.652874
475 3.653799
500 3.654736
525 3.655565
550 3.656286
575 3.656917
600 3.657469
625 3.657946
650 3.658353
675 3.658690
700 3.658960
725 3.659164
750 3.659303
775 3.659377
800 3.659388
825 3.659336
850 3.733739
875 3.732656
900 3.731490
925 3.730245
950 3.728919
975 3.626562
1000 3.624823
425 3.651824
450 3.652874
475 3.653799
500 3.654736
525 3.655565
550 3.656286
575 3.656917
600 3.657469
625 3.657946
650 3.658353
675 3.658690
700 3.658960
725 3.659164
750 3.659303
775 3.659377
800 3.659388
825 3.659336
850 3.733739
875 3.732656
900 3.731490
925 3.730245
950 3.728919
975 3.626562
1000 3.624823