0.563928
1.102422
1.020163
1.290218
0.368770
0.801652
0.547657
0.893109
0.560921
0.894514
0.564780
1.103675
1.168747
1.294774
0.378644
0.797300
0.833238
0.893109
0.560921
0.893652
0.566246
1.104983
1.474851
1.299640
0.389360
0.793209
1.235983
0.893109
0.560921
0.892793
0.568382
1.106348
1.583827
1.304843
0.400981
0.789357
1.365216
0.893109
0.560921
0.891938
0.571261
1.107773
1.578666
1.310412
0.413582
0.785728
1.359327
0.893109
0.560921
0.891086
0.574968
1.109259
1.537122
1.316380
0.427255
0.782304
1.311655
0.893109
0.560921
0.890237
0.579609
1.110811
1.490161
1.322786
0.442108
0.779074
1.257794
0.893109
0.560921
0.889391
0.585311
1.112431
1.447491
1.329674
0.458270
0.776026
1.208853
0.893109
0.560921
0.888548
0.592227
1.114122
1.411278
1.337092
0.475893
0.773150
1.167343
0.893109
0.560921
0.887709
0.600540
1.115889
1.381270
1.345101
0.495159
0.770440
1.133002
0.893109
0.560921
0.886873
0.610470
1.117736
1.356580
1.353769
0.516283
0.767890
1.104821
0.893109
0.560921
0.886040
0.622280
1.119666
1.336263
1.363174
0.539522
0.765495
1.081708
0.893109
0.560921
0.885211
0.636285
1.121686
1.319487
1.373413
0.565180
0.763254
1.062702
0.893109
0.560921
0.884384
0.652861
1.123800
1.305572
1.384598
0.593620
0.761167
1.047007
0.893109
0.560921
0.883562
0.672457
1.126015
1.293969
1.396864
0.625275
0.759234
1.033983
0.893109
0.560921
0.882743
0.695600
1.128338
1.284245
1.410373
0.660655
0.757458
1.023123
0.893109
0.560921
0.881927
0.722907
1.130776
1.276054
1.425326
0.700356
0.755845
1.014021
0.893109
0.560921
0.881115
0.755067
1.130926
1.269121
1.441966
0.745049
0.753243
1.006357
0.893109
0.560921
0.880308
0.792800
1.130926
1.263226
1.460595
0.795436
0.750678
0.999873
0.893109
0.560921
0.879503
0.836717
1.130926
1.258193
1.481591
0.852120
0.748215
0.994366
0.893109
0.560921
0.878703
0.886961
1.130926
1.253877
1.505430
0.915256
0.745847
0.989667
0.893109
0.560921
0.877906
0.942312
1.130926
1.250164
1.532711
0.983683
0.743568
0.985644
0.893109
0.560921
0.877113
0.997978
1.131508
1.246958
1.564194
1.051973
0.741375
0.982186
0.893115
0.560921
0.876324
1.040298
1.132620
1.244180
1.600821
1.107169
0.739263
0.979204
0.893154
0.560921
0.875537
0.563928
1.102422
1.020163
1.290218
0.368770
0.801652
0.547657
0.893109
0.560921
0.894514
0.564780
1.103675
1.168747
1.294774
0.378644
0.797300
0.833238
0.893109
0.560921
0.893652
0.566246
1.104983
1.474851
1.299640
0.389360
0.793209
1.235983
0.893109
0.560921
0.892793
0.568382
1.106348
1.583827
1.304843
0.400981
0.789357
1.365216
0.893109
0.560921
0.891938
0.571261
1.107773
1.578666
1.310412
0.413582
0.785728
1.359327
0.893109
0.560921
0.891086
0.574968
1.109259
1.537122
1.316380
0.427255
0.782304
1.311655
0.893109
0.560921
0.890237
0.579609
1.110811
1.490161
1.322786
0.442108
0.779074
1.257794
0.893109
0.560921
0.889391
0.585311
1.112431
1.447491
1.329674
0.458270
0.776026
1.208853
0.893109
0.560921
0.888548
0.592227
1.114122
1.411278
1.337092
0.475893
0.773150
1.167343
0.893109
0.560921
0.887709
0.600540
1.115889
1.381270
1.345101
0.495159
0.770440
1.133002
0.893109
0.560921
0.886873
0.610470
1.117736
1.356580
1.353769
0.516283
0.767890
1.104821
0.893109
0.560921
0.886040
0.622280
1.119666
1.336263
1.363174
0.539522
0.765495
1.081708
0.893109
0.560921
0.885211
0.636285
1.121686
1.319487
1.373413
0.565180
0.763254
1.062702
0.893109
0.560921
0.884384
0.652861
1.123800
1.305572
1.384598
0.593620
0.761167
1.047007
0.893109
0.560921
0.883562
0.672457
1.126015
1.293969
1.396864
0.625275
0.759234
1.033983
0.893109
0.560921
0.882743
0.695600
1.128338
1.284245
1.410373
0.660655
0.757458
1.023123
0.893109
0.560921
0.881927
0.722907
1.130776
1.276054
1.425326
0.700356
0.755845
1.014021
0.893109
0.560921
0.881115
0.755067
1.130926
1.269121
1.441966
0.745049
0.753243
1.006357
0.893109
0.560921
0.880308
0.792800
1.130926
1.263226
1.460595
0.795436
0.750678
0.999873
0.893109
0.560921
0.879503
0.836717
1.130926
1.258193
1.481591
0.852120
0.748215
0.994366
0.893109
0.560921
0.878703
0.886961
1.130926
1.253877
1.505430
0.915256
0.745847
0.989667
0.893109
0.560921
0.877906
0.942312
1.130926
1.250164
1.532711
0.983683
0.743568
0.985644
0.893109
0.560921
0.877113
0.997978
1.131508
1.246958
1.564194
1.051973
0.741375
0.982186
0.893115
0.560921
0.876324
1.040298
1.132620
1.244180
1.600821
1.107169
0.739263
0.979204
0.893154
0.560921
0.875537