425 0.361487
450 0.398186
475 0.481183
500 0.515685
525 0.515268
550 0.503821
575 0.491397
600 0.480935
625 0.472937
650 0.467217
675 0.463459
700 0.461388
725 0.460804
750 0.461586
775 0.463687
800 0.467125
825 0.471990
850 0.478075
875 0.485919
900 0.495817
925 0.508032
950 0.522634
975 0.538954
1000 0.554288
425 0.361487
450 0.398186
475 0.481183
500 0.515685
525 0.515268
550 0.503821
575 0.491397
600 0.480935
625 0.472937
650 0.467217
675 0.463459
700 0.461388
725 0.460804
750 0.461586
775 0.463687
800 0.467125
825 0.471990
850 0.478075
875 0.485919
900 0.495817
925 0.508032
950 0.522634
975 0.538954
1000 0.554288