425 3.614870 0.036954
450 3.981860 -0.328985
475 4.811832 -1.158033
500 5.156852 -1.502116
525 5.152682 -1.497117
550 5.038214 -1.381929
575 4.913972 -1.257055
600 4.809351 -1.151882
625 4.729375 -1.071428
650 4.672168 -1.013815
675 4.634590 -0.975900
700 4.613880 -0.954920
725 4.608040 -0.948876
750 4.615862 -0.956559
775 4.636865 -0.977488
800 4.671253 -1.011864
825 4.719898 -1.060561
850 4.780748 -1.047010
875 4.859194 -1.126538
900 4.958171 -1.226680
925 5.080319 -1.350075
950 5.226342 -1.497423
975 5.389541 -1.762980
1000 5.542878 -1.918056
425 3.614870 0.036954
450 3.981860 -0.328985
475 4.811832 -1.158033
500 5.156852 -1.502116
525 5.152682 -1.497117
550 5.038214 -1.381929
575 4.913972 -1.257055
600 4.809351 -1.151882
625 4.729375 -1.071428
650 4.672168 -1.013815
675 4.634590 -0.975900
700 4.613880 -0.954920
725 4.608040 -0.948876
750 4.615862 -0.956559
775 4.636865 -0.977488
800 4.671253 -1.011864
825 4.719898 -1.060561
850 4.780748 -1.047010
875 4.859194 -1.126538
900 4.958171 -1.226680
925 5.080319 -1.350075
950 5.226342 -1.497423
975 5.389541 -1.762980
1000 5.542878 -1.918056