425 0.343577 3.096957 1.258034
450 0.343577 3.096957 1.258034
475 0.343577 3.096957 1.258034
500 0.343577 3.096957 1.258034
525 0.343577 3.096957 1.258034
550 0.343577 3.096957 1.258034
575 0.343577 3.096957 1.258034
600 0.343577 3.096957 1.258034
625 0.343577 3.096957 1.258034
650 0.343577 3.096957 1.258034
675 0.343577 3.096957 1.258034
700 0.343577 3.096957 1.258034
725 0.343577 3.096957 1.258034
750 0.343577 3.096957 1.258034
775 0.343577 3.096957 1.258034
800 0.343577 3.096957 1.258034
825 0.343577 3.096957 1.258034
850 0.343577 3.096957 1.258034
875 0.343577 3.096957 1.258034
900 0.343577 3.096957 1.258034
925 0.343577 3.096957 1.258034
950 0.343577 3.096957 1.258034
975 0.343577 3.096957 1.258034
1000 0.343577 3.096957 1.258034
425 0.343577 3.096957 1.258034
450 0.343577 3.096957 1.258034
475 0.343577 3.096957 1.258034
500 0.343577 3.096957 1.258034
525 0.343577 3.096957 1.258034
550 0.343577 3.096957 1.258034
575 0.343577 3.096957 1.258034
600 0.343577 3.096957 1.258034
625 0.343577 3.096957 1.258034
650 0.343577 3.096957 1.258034
675 0.343577 3.096957 1.258034
700 0.343577 3.096957 1.258034
725 0.343577 3.096957 1.258034
750 0.343577 3.096957 1.258034
775 0.343577 3.096957 1.258034
800 0.343577 3.096957 1.258034
825 0.343577 3.096957 1.258034
850 0.343577 3.096957 1.258034
875 0.343577 3.096957 1.258034
900 0.343577 3.096957 1.258034
925 0.343577 3.096957 1.258034
950 0.343577 3.096957 1.258034
975 0.343577 3.096957 1.258034
1000 0.343577 3.096957 1.258034